{
 "cells": [
  {
   "cell_type": "code",
   "execution_count": 25,
   "metadata": {},
   "outputs": [
    {
     "name": "stdout",
     "output_type": "stream",
     "text": [
      "[(23, 2253, 0.999999999696513), (57, 2746, 0.9999999998635031), (62, 2536, 0.9999999970500172), (69, 751, 0.999999999696513), (91, 2855, 0.9999999980220771), (114, 1373, 0.9999999998635031), (115, 2253, 0.9999999924128237), (124, 1268, 0.9999999970500172), (129, 2025, 0.9999999983363994), (133, 2746, 0.99999999925685), (135, 1935, 0.9999999983363994), (157, 1006, 0.9999999906018032), (158, 2316, 0.9999999951152019), (193, 1896, 0.9999999951152019), (194, 2951, 0.9999999982003109), (209, 2746, 0.9999999981648745), (215, 1215, 0.9999999983363994), (219, 2149, 0.9999999901999105), (222, 2582, 0.9999999999999568), (225, 1161, 0.9999999983363994), (227, 2522, 0.9999999982003109), (237, 1544, 0.9999999951152019), (241, 2807, 0.9999999968696842), (243, 1075, 0.9999999983363994), (248, 634, 0.9999999970500172), (266, 1373, 0.99999999925685), (267, 2531, 0.9999999902820274), (269, 1739, 0.9999999948839151), (271, 2880, 0.999999995173126), (285, 2746, 0.9999999965875765), (288, 2710, 0.999999995173126), (307, 1533, 0.9999999901999105), (311, 1511, 0.9999999968230039), (314, 503, 0.9999999906018032), (316, 1158, 0.9999999951152019), (317, 496, 0.9999999970500172), (320, 2439, 0.999999995173126), (329, 2697, 0.9999999923402456), (345, 751, 0.9999999924128237), (350, 2234, 0.9999999997508212), (360, 2168, 0.999999995173126), (361, 2746, 0.9999999945249561), (382, 2045, 0.9999999992793377), (386, 948, 0.9999999951152019), (387, 675, 0.9999999983363994), (401, 1687, 0.9999999968696842), (405, 645, 0.9999999983363994), (409, 1910, 0.9999999992793377), (417, 2876, 0.9999999977965826), (418, 1373, 0.9999999981648745), (437, 2746, 0.9999999919770133), (443, 2704, 0.9999999985315368), (444, 1291, 0.9999999999999568), (454, 1261, 0.9999999982003109), (455, 571, 0.9999999980220771), (473, 2534, 0.9999999999814237), (474, 772, 0.9999999951152019), (480, 1626, 0.999999995173126), (488, 2027, 0.9999999970949925), (496, 317, 0.9999999970500172), (503, 314, 0.9999999906018032), (509, 2762, 0.9999999957263056), (511, 921, 0.9999999901999105), (524, 2687, 0.9999999960914796), (542, 1440, 0.999999995173126), (556, 2157, 0.9999999977965826), (563, 1571, 0.9999999931106364), (569, 2472, 0.9999999994827584), (570, 1373, 0.9999999965875765), (571, 455, 0.9999999980220771), (576, 1355, 0.999999995173126), (579, 632, 0.9999999951152019), (586, 2754, 0.9999999914573485), (602, 1991, 0.9999999999814237), (607, 773, 0.9999999998113691), (609, 1457, 0.9999999923402456), (612, 2637, 0.9999999914573485), (618, 2276, 0.9999999994827584), (632, 579, 0.9999999951152019), (634, 248, 0.9999999970500172), (645, 405, 0.9999999983363994), (650, 2805, 0.9999999988291063), (651, 1363, 0.9999999923402456), (663, 2750, 0.9999999988291063), (669, 2259, 0.9999999999595361), (675, 387, 0.9999999983363994), (676, 1772, 0.9999999985315368), (687, 1895, 0.9999999973118869), (700, 1117, 0.9999999997508212), (715, 2550, 0.9999999988291063), (719, 1668, 0.9999999977965826), (720, 1084, 0.999999995173126), (722, 1373, 0.9999999945249561), (733, 2913, 0.999999994405293), (750, 2431, 0.9999999988291063), (751, 69, 0.999999999696513), (751, 345, 0.9999999924128237), (752, 2703, 0.9999999994244887), (753, 2007, 0.9999999999595361), (772, 474, 0.9999999951152019), (773, 607, 0.9999999998113691), (778, 2078, 0.9999999939010542), (799, 2544, 0.9999999994244887), (813, 960, 0.999999995173126), (816, 2491, 0.9999999994244887), (818, 955, 0.9999999992793377), (824, 1707, 0.9999999994827584), (825, 2210, 0.9999999988291063), (834, 1438, 0.9999999977965826), (848, 2397, 0.9999999994244887), (850, 2145, 0.9999999988291063), (858, 2125, 0.9999999988291063), (862, 2601, 0.999999993243496), (867, 2586, 0.999999993243496), (868, 2821, 0.9999999990930195), (874, 1373, 0.9999999919770133), (876, 2557, 0.9999999979120855), (879, 1836, 0.9999999914573485), (886, 1352, 0.9999999985315368), (887, 1703, 0.9999999986845285), (891, 2984, 0.999999994998317), (899, 987, 0.9999999923402456), (901, 2256, 0.9999999994244887), (918, 1758, 0.9999999914573485), (921, 511, 0.9999999901999105), (935, 1950, 0.9999999988291063), (941, 1385, 0.9999999988834986), (946, 1267, 0.9999999999814237), (948, 386, 0.9999999951152019), (955, 818, 0.9999999992793377), (960, 813, 0.999999995173126), (961, 2548, 0.9999999990930195), (971, 2199, 0.999999994405293), (975, 1870, 0.9999999988291063), (982, 2920, 0.9999999925522816), (987, 899, 0.9999999923402456), (1006, 157, 0.9999999906018032), (1018, 1381, 0.9999999957263056), (1029, 2887, 0.9999999990913918), (1032, 2978, 0.9999999952879379), (1039, 1556, 0.9999999939010542), (1063, 2599, 0.9999999967286067), (1067, 2393, 0.9999999999989757), (1075, 243, 0.9999999983363994), (1084, 720, 0.999999995173126), (1087, 1581, 0.9999999959902742), (1105, 1650, 0.9999999988291063), (1110, 2582, 0.9999999999989203), (1117, 700, 0.9999999997508212), (1119, 2376, 0.999999994998317), (1122, 1625, 0.9999999988291063), (1128, 1802, 0.9999999994244887), (1129, 1155, 0.9999999942172122), (1137, 1145, 0.9999999973118869), (1138, 1236, 0.9999999994827584), (1138, 2884, 0.9999999971839069), (1145, 1137, 0.9999999973118869), (1155, 1129, 0.9999999942172122), (1158, 316, 0.9999999951152019), (1161, 225, 0.9999999983363994), (1168, 2455, 0.9999999925522816), (1172, 1377, 0.9999999914573485), (1188, 2238, 0.999999994998317), (1202, 2558, 0.9999999997238871), (1215, 215, 0.9999999983363994), (1229, 2842, 0.999999991827411), (1236, 1138, 0.9999999994827584), (1261, 454, 0.9999999982003109), (1267, 946, 0.9999999999814237), (1268, 124, 0.9999999970500172), (1272, 1598, 0.9999999994244887), (1274, 1922, 0.9999999990930195), (1275, 1430, 0.9999999988291063), (1279, 2404, 0.9999999997238871), (1291, 444, 0.9999999999999568), (1291, 2220, 0.9999999999989203), (1293, 1734, 0.999999993243496), (1325, 1769, 0.9999999964929694), (1326, 1375, 0.9999999988291063), (1331, 2857, 0.9999999939052725), (1336, 2769, 0.9999999995198774), (1352, 886, 0.9999999985315368), (1355, 576, 0.999999995173126), (1363, 651, 0.9999999923402456), (1373, 114, 0.9999999998635031), (1373, 266, 0.99999999925685), (1373, 418, 0.9999999981648745), (1373, 570, 0.9999999965875765), (1373, 722, 0.9999999945249561), (1373, 874, 0.9999999919770133), (1375, 1326, 0.9999999988291063), (1377, 1172, 0.9999999914573485), (1381, 1018, 0.9999999957263056), (1385, 941, 0.9999999988834986), (1388, 2967, 0.999999991068884), (1395, 2802, 0.9999999986825684), (1401, 2790, 0.9999999986825684), (1421, 2458, 0.999999991827411), (1430, 1275, 0.9999999988291063), (1437, 2503, 0.9999999940900975), (1438, 834, 0.9999999977965826), (1440, 542, 0.999999995173126), (1442, 2276, 0.9999999971839069), (1457, 609, 0.9999999923402456), (1460, 1964, 0.9999999925522816), (1489, 2064, 0.9999999952879379), (1492, 1782, 0.999999994998317), (1499, 2399, 0.9999999988272569), (1511, 311, 0.9999999968230039), (1518, 2986, 0.99999999798736), (1519, 1612, 0.9999999990930195), (1525, 1537, 0.9999999964929694), (1533, 307, 0.9999999901999105), (1537, 1525, 0.9999999964929694), (1544, 237, 0.9999999951152019), (1551, 2049, 0.9999999984365575), (1556, 1039, 0.9999999939010542), (1571, 563, 0.9999999931106364), (1581, 1087, 0.9999999959902742), (1598, 1272, 0.9999999994244887), (1598, 2968, 0.999999996866661), (1612, 1519, 0.9999999990930195), (1625, 1122, 0.9999999988291063), (1626, 480, 0.999999995173126), (1650, 1105, 0.9999999988291063), (1656, 2612, 0.9999999993839149), (1659, 2293, 0.9999999999482698), (1668, 719, 0.9999999977965826), (1674, 2335, 0.9999999986825684), (1687, 401, 0.9999999968696842), (1703, 887, 0.9999999986845285), (1704, 2171, 0.9999999995198774), (1707, 824, 0.9999999994827584), (1726, 1781, 0.9999999993232765), (1734, 1293, 0.999999993243496), (1739, 269, 0.9999999948839151), (1750, 2234, 0.9999999937705296), (1758, 918, 0.9999999914573485), (1769, 1325, 0.9999999964929694), (1772, 676, 0.9999999985315368), (1781, 1726, 0.9999999993232765), (1782, 1492, 0.999999994998317), (1793, 2994, 0.9999999963905805), (1802, 1128, 0.9999999994244887), (1802, 2632, 0.999999996866661), (1836, 879, 0.9999999914573485), (1846, 2004, 0.9999999995198774), (1859, 2831, 0.9999999998641335), (1870, 975, 0.9999999988291063), (1895, 687, 0.9999999973118869), (1896, 193, 0.9999999951152019), (1904, 2491, 0.999999996866661), (1910, 409, 0.9999999992793377), (1913, 2152, 0.9999999999145581), (1922, 1274, 0.9999999990930195), (1934, 2129, 0.9999999973090852), (1935, 135, 0.9999999983363994), (1937, 2717, 0.9999999998641335), (1949, 2701, 0.9999999945823146), (1950, 935, 0.9999999988291063), (1959, 2208, 0.9999999993839149), (1962, 2417, 0.9999999998218927), (1964, 1460, 0.9999999925522816), (1978, 2082, 0.999999991068884), (1991, 602, 0.9999999999814237), (1998, 2582, 0.9999999999965019), (2004, 1846, 0.9999999995198774), (2007, 753, 0.9999999999595361), (2025, 129, 0.9999999983363994), (2027, 488, 0.9999999970949925), (2045, 382, 0.9999999992793377), (2049, 1551, 0.9999999984365575), (2054, 2410, 0.9999999998121104), (2064, 1489, 0.9999999952879379), (2069, 2796, 0.9999999976377419), (2078, 778, 0.9999999939010542), (2082, 1978, 0.999999991068884), (2125, 858, 0.9999999988291063), (2129, 1934, 0.9999999973090852), (2145, 850, 0.9999999988291063), (2149, 219, 0.9999999901999105), (2152, 1913, 0.9999999999145581), (2157, 556, 0.9999999977965826), (2168, 360, 0.999999995173126), (2171, 1704, 0.9999999995198774), (2199, 971, 0.999999994405293), (2208, 1959, 0.9999999993839149), (2210, 825, 0.9999999988291063), (2219, 2841, 0.9999999961980565), (2220, 1291, 0.9999999999989203), (2233, 2731, 0.9999999912979604), (2234, 350, 0.9999999997508212), (2234, 1750, 0.9999999937705296), (2238, 1188, 0.999999994998317), (2239, 2257, 0.9999999951189769), (2253, 23, 0.999999999696513), (2253, 115, 0.9999999924128237), (2256, 901, 0.9999999994244887), (2257, 2239, 0.9999999951189769), (2259, 669, 0.9999999999595361), (2266, 2276, 0.9999999930459741), (2276, 618, 0.9999999994827584), (2276, 1442, 0.9999999971839069), (2276, 2266, 0.9999999930459741), (2293, 1659, 0.9999999999482698), (2316, 158, 0.9999999951152019), (2317, 2541, 0.9999999974815136), (2324, 2758, 0.9999999998985), (2335, 1674, 0.9999999986825684), (2350, 2993, 0.9999999949470397), (2365, 2534, 0.9999999995355932), (2376, 1119, 0.999999994998317), (2391, 2768, 0.999999999341959), (2393, 1067, 0.9999999999989757), (2397, 848, 0.9999999994244887), (2399, 1499, 0.9999999988272569), (2401, 2887, 0.9999999950531332), (2404, 1279, 0.9999999997238871), (2410, 2054, 0.9999999998121104), (2417, 1962, 0.9999999998218927), (2419, 2564, 0.999999993638623), (2431, 750, 0.9999999988291063), (2434, 2890, 0.9999999991903913), (2439, 320, 0.999999995173126), (2455, 1168, 0.9999999925522816), (2458, 1421, 0.999999991827411), (2472, 569, 0.9999999994827584), (2491, 816, 0.9999999994244887), (2491, 1904, 0.999999996866661), (2491, 2992, 0.9999999922625709), (2503, 1437, 0.9999999940900975), (2522, 227, 0.9999999982003109), (2531, 267, 0.9999999902820274), (2534, 473, 0.9999999999814237), (2534, 2365, 0.9999999995355932), (2536, 62, 0.9999999970500172), (2541, 2317, 0.9999999974815136), (2544, 799, 0.9999999994244887), (2548, 961, 0.9999999990930195), (2550, 715, 0.9999999988291063), (2557, 876, 0.9999999979120855), (2558, 1202, 0.9999999997238871), (2564, 2419, 0.999999993638623), (2582, 222, 0.9999999999999568), (2582, 1110, 0.9999999999989203), (2582, 1998, 0.9999999999965019), (2582, 2886, 0.9999999999927016), (2586, 867, 0.999999993243496), (2599, 1063, 0.9999999967286067), (2601, 862, 0.999999993243496), (2607, 2778, 0.9999999969190185), (2612, 1656, 0.9999999993839149), (2632, 1802, 0.999999996866661), (2637, 612, 0.9999999914573485), (2669, 2714, 0.9999999991146687), (2687, 524, 0.9999999960914796), (2697, 329, 0.9999999923402456), (2701, 1949, 0.9999999945823146), (2703, 752, 0.9999999994244887), (2704, 443, 0.9999999985315368), (2710, 288, 0.999999995173126), (2714, 2669, 0.9999999991146687), (2717, 1937, 0.9999999998641335), (2731, 2233, 0.9999999912979604), (2746, 57, 0.9999999998635031), (2746, 133, 0.99999999925685), (2746, 209, 0.9999999981648745), (2746, 285, 0.9999999965875765), (2746, 361, 0.9999999945249561), (2746, 437, 0.9999999919770133), (2750, 663, 0.9999999988291063), (2754, 586, 0.9999999914573485), (2758, 2324, 0.9999999998985), (2762, 509, 0.9999999957263056), (2768, 2391, 0.999999999341959), (2769, 1336, 0.9999999995198774), (2778, 2607, 0.9999999969190185), (2790, 1401, 0.9999999986825684), (2796, 2069, 0.9999999976377419), (2802, 1395, 0.9999999986825684), (2805, 650, 0.9999999988291063), (2807, 241, 0.9999999968696842), (2821, 868, 0.9999999990930195), (2831, 1859, 0.9999999998641335), (2837, 2957, 0.9999999988592028), (2841, 2219, 0.9999999961980565), (2842, 1229, 0.999999991827411), (2855, 91, 0.9999999980220771), (2857, 1331, 0.9999999939052725), (2875, 2991, 0.9999999955025535), (2876, 417, 0.9999999977965826), (2880, 271, 0.999999995173126), (2884, 1138, 0.9999999971839069), (2886, 2582, 0.9999999999927016), (2887, 1029, 0.9999999990913918), (2887, 2401, 0.9999999950531332), (2890, 2434, 0.9999999991903913), (2913, 733, 0.999999994405293), (2920, 982, 0.9999999925522816), (2951, 194, 0.9999999982003109), (2957, 2837, 0.9999999988592028), (2967, 1388, 0.999999991068884), (2968, 1598, 0.999999996866661), (2978, 1032, 0.9999999952879379), (2984, 891, 0.999999994998317), (2986, 1518, 0.99999999798736), (2991, 2875, 0.9999999955025535), (2992, 2491, 0.9999999922625709), (2993, 2350, 0.9999999949470397), (2994, 1793, 0.9999999963905805)]\n"
     ]
    }
   ],
   "source": [
    "import task_util\n",
    "import itertools\n",
    "\n",
    "from datetime import datetime\n",
    "from multiprocessing import Pool, cpu_count, Queue, Process\n",
    "\n",
    "if __name__ == '__main__':\n",
    "\n",
    "    \n",
    "    arr = range(1, 3001)\n",
    "    with Pool(10) as pool:\n",
    "        result_list = pool.starmap(task_util.get_task, list(itertools.product(arr, arr)))\n",
    "\n",
    "    filt = [i for i in result_list if i is not None]\n",
    "    print(filt)\n",
    "\n",
    "\n",
    "\n"
   ]
  }
 ],
 "metadata": {
  "interpreter": {
   "hash": "aee8b7b246df8f9039afb4144a1f6fd8d2ca17a180786b69acc140d282b71a49"
  },
  "kernelspec": {
   "display_name": "Python 3.9.9 64-bit",
   "language": "python",
   "name": "python3"
  },
  "language_info": {
   "codemirror_mode": {
    "name": "ipython",
    "version": 3
   },
   "file_extension": ".py",
   "mimetype": "text/x-python",
   "name": "python",
   "nbconvert_exporter": "python",
   "pygments_lexer": "ipython3",
   "version": "3.9.9"
  },
  "orig_nbformat": 4
 },
 "nbformat": 4,
 "nbformat_minor": 2
}
